# Ar; Units Angstroms
3554.305
3606.522
3834.678
3948.979
4044.418
4158.591
4200.675
4300.101
4333.561
4345.168
4510.733
4522.323
4589.289
4596.097
4628.441
4702.316
5162.285
5187.746
5221.270
5252.787
5421.351
5451.652
5495.873
5558.702
5606.733
5650.704
5739.519
5834.264
5860.310
5912.085
6032.127
6105.635
6173.096
6215.939
6384.717
6416.307
6538.112
6604.853
6677.281
6871.289
6965.430
7067.217
7147.041
7272.935
7383.980
7635.105
7724.207
7948.176
8103.692
8115.311
8264.521
8408.209
8424.647
8521.441
8667.943
9122.967
9224.498
9354.218
9657.786
9784.502
