# Ne; units Angstroms
 5400.562
 5764.419
 5820.156
 5852.488
 5881.895                                                                       
 5944.834                                                                       
 6029.997                                                                       
 6074.338                                                                       
 6096.163                                                                       
 6143.062                                                                       
 6163.594                                                                       
 6217.281                                                                       
 6266.495                                                                       
 6304.789                                                                       
 6334.428                                                                       
 6382.991                                                                       
 6402.246                                                                       
 6506.528                                                                       
 6532.882                                                                       
 6598.953                                                                       
 6717.043                                                                       
 6929.467                                                                       
 7024.050                                                                       
 7032.413                                                                       
 7173.938                                                                       
 7245.167                                                                       
 7438.898                                                                       
 7488.871                                                                       
 7943.181
 8082.458
 8136.406
 8300.326                                                                       
 8377.607                                                                       
 8495.360                                                                       
 8591.259                                                                       
 8634.647                                                                       
 8654.383                                                                       
 8681.921
 8783.753
 8853.867                                                                       
 8919.501                                                                       
 9148.672                                                                       
 9201.759
 9300.853
 9459.210                                                                       
 9665.420                                                                       
